6.747265625000000000e+01
1.273359375000000000e+02
6.846484375000000000e+01
1.435859375000000000e+02
6.846484375000000000e+01
1.547578125000000000e+02
7.243359375000000000e+01
1.699921875000000000e+02
8.136328125000000000e+01
1.811640625000000000e+02
9.227734375000000000e+01
1.903046875000000000e+02
1.041835937500000000e+02
1.963984375000000000e+02
1.180742187500000000e+02
2.004609375000000000e+02
1.319648437500000000e+02
2.004609375000000000e+02
1.468476562500000000e+02
1.994453125000000000e+02
1.597460937500000000e+02
1.933515625000000000e+02
1.706601562500000000e+02
1.852265625000000000e+02
1.815742187500000000e+02
1.750703125000000000e+02
1.875273437500000000e+02
1.618671875000000000e+02
1.875273437500000000e+02
1.446015625000000000e+02
1.875273437500000000e+02
1.303828125000000000e+02
1.875273437500000000e+02
1.161640625000000000e+02
7.243359375000000000e+01
1.171796875000000000e+02
8.136328125000000000e+01
1.121015625000000000e+02
9.227734375000000000e+01
1.115937500000000000e+02
1.031914062500000000e+02
1.121015625000000000e+02
1.131132812500000000e+02
1.141328125000000000e+02
1.379179687500000000e+02
1.115937500000000000e+02
1.478398437500000000e+02
1.085468750000000000e+02
1.582578125000000000e+02
1.065156250000000000e+02
1.691718750000000000e+02
1.055000000000000000e+02
1.795898437500000000e+02
1.090546875000000000e+02
1.270039062500000000e+02
1.222578125000000000e+02
1.270039062500000000e+02
1.303828125000000000e+02
1.270039062500000000e+02
1.385078125000000000e+02
1.279960937500000000e+02
1.466328125000000000e+02
1.141054687500000000e+02
1.547578125000000000e+02
1.210507812500000000e+02
1.547578125000000000e+02
1.289882812500000000e+02
1.547578125000000000e+02
1.359335937500000000e+02
1.547578125000000000e+02
1.428789062500000000e+02
1.537421875000000000e+02
8.533203125000000000e+01
1.253046875000000000e+02
9.029296875000000000e+01
1.222578125000000000e+02
1.031914062500000000e+02
1.222578125000000000e+02
1.081523437500000000e+02
1.263203125000000000e+02
1.031914062500000000e+02
1.273359375000000000e+02
9.029296875000000000e+01
1.273359375000000000e+02
1.468476562500000000e+02
1.232734375000000000e+02
1.508164062500000000e+02
1.181953125000000000e+02
1.637148437500000000e+02
1.181953125000000000e+02
1.686757812500000000e+02
1.202265625000000000e+02
1.637148437500000000e+02
1.232734375000000000e+02
1.518085937500000000e+02
1.242890625000000000e+02
1.051757812500000000e+02
1.740546875000000000e+02
1.150976562500000000e+02
1.699921875000000000e+02
1.260117187500000000e+02
1.669453125000000000e+02
1.299804687500000000e+02
1.669453125000000000e+02
1.339492187500000000e+02
1.669453125000000000e+02
1.448632812500000000e+02
1.689765625000000000e+02
1.547851562500000000e+02
1.720234375000000000e+02
1.478398437500000000e+02
1.760859375000000000e+02
1.399023437500000000e+02
1.791328125000000000e+02
1.309726562500000000e+02
1.801484375000000000e+02
1.220429687500000000e+02
1.791328125000000000e+02
1.141054687500000000e+02
1.771015625000000000e+02
1.061679687500000000e+02
1.740546875000000000e+02
1.190664062500000000e+02
1.730390625000000000e+02
1.299804687500000000e+02
1.720234375000000000e+02
1.418867187500000000e+02
1.720234375000000000e+02
1.537929687500000000e+02
1.720234375000000000e+02
1.418867187500000000e+02
1.720234375000000000e+02
1.309726562500000000e+02
1.720234375000000000e+02
1.190664062500000000e+02
1.730390625000000000e+02
